49 313 590 812 945 1291 1296
50 314 591 813 946 1292 1297
51 315 592 814 947 1293 1298
52 316 593 815 948 1294 1299
53 317 540 816 949 1295 1300
0 318 541 817 950 1242 1301
1 319 542 818 951 1243 1302
2 320 543 819 952 1244 1303
3 321 544 820 953 1245 1304
4 322 545 821 954 1246 1305
5 323 546 822 955 1247 1306
6 270 547 823 956 1248 1307
7 271 548 824 957 1249 1308
8 272 549 825 958 1250 1309
9 273 550 826 959 1251 1310
10 274 551 827 960 1252 1311
11 275 552 828 961 1253 1312
12 276 553 829 962 1254 1313
13 277 554 830 963 1255 1314
14 278 555 831 964 1256 1315
15 279 556 832 965 1257 1316
16 280 557 833 966 1258 1317
17 281 558 834 967 1259 1318
18 282 559 835 968 1260 1319
19 283 560 836 969 1261 1320
20 284 561 837 970 1262 1321
21 285 562 838 971 1263 1322
22 286 563 839 918 1264 1323
23 287 564 840 919 1265 1324
24 288 565 841 920 1266 1325
25 289 566 842 921 1267 1326
26 290 567 843 922 1268 1327
27 291 568 844 923 1269 1328
28 292 569 845 924 1270 1329
29 293 570 846 925 1271 1330
30 294 571 847 926 1272 1331
31 295 572 848 927 1273 1332
32 296 573 849 928 1274 1333
33 297 574 850 929 1275 1334
34 298 575 851 930 1276 1335
35 299 576 852 931 1277 1336
36 300 577 853 932 1278 1337
37 301 578 854 933 1279 1338
38 302 579 855 934 1280 1339
39 303 580 856 935 1281 1340
40 304 581 857 936 1282 1341
41 305 582 858 937 1283 1342
42 306 583 859 938 1284 1343
43 307 584 860 939 1285 1344
44 308 585 861 940 1286 1345
45 309 586 862 941 1287 1346
46 310 587 863 942 1288 1347
47 311 588 810 943 1289 1348
48 312 589 811 944 1290 1349
172 257 538 680 1022 1130 1350
173 258 539 681 1023 1131 1351
174 259 486 682 1024 1132 1352
175 260 487 683 1025 1133 1353
176 261 488 684 972 1080 1354
177 262 489 685 973 1081 1355
178 263 490 686 974 1082 1356
179 264 491 687 975 1083 1357
180 265 492 688 976 1084 1358
181 266 493 689 977 1085 1359
182 267 494 690 978 1086 1360
183 268 495 691 979 1087 1361
184 269 496 692 980 1088 1362
185 216 497 693 981 1089 1363
186 217 498 694 982 1090 1364
187 218 499 695 983 1091 1365
188 219 500 696 984 1092 1366
189 220 501 697 985 1093 1367
190 221 502 698 986 1094 1368
191 222 503 699 987 1095 1369
192 223 504 700 988 1096 1370
193 224 505 701 989 1097 1371
194 225 506 648 990 1098 1372
195 226 507 649 991 1099 1373
196 227 508 650 992 1100 1374
197 228 509 651 993 1101 1375
198 229 510 652 994 1102 1376
199 230 511 653 995 1103 1377
200 231 512 654 996 1104 1378
201 232 513 655 997 1105 1379
202 233 514 656 998 1106 1380
203 234 515 657 999 1107 1381
204 235 516 658 1000 1108 1382
205 236 517 659 1001 1109 1383
206 237 518 660 1002 1110 1384
207 238 519 661 1003 1111 1385
208 239 520 662 1004 1112 1386
209 240 521 663 1005 1113 1387
210 241 522 664 1006 1114 1388
211 242 523 665 1007 1115 1389
212 243 524 666 1008 1116 1390
213 244 525 667 1009 1117 1391
214 245 526 668 1010 1118 1392
215 246 527 669 1011 1119 1393
162 247 528 670 1012 1120 1394
163 248 529 671 1013 1121 1395
164 249 530 672 1014 1122 1396
165 250 531 673 1015 1123 1397
166 251 532 674 1016 1124 1398
167 252 533 675 1017 1125 1399
168 253 534 676 1018 1126 1400
169 254 535 677 1019 1127 1401
170 255 536 678 1020 1128 1402
171 256 537 679 1021 1129 1403
128 398 645 712 911 1221 1404
129 399 646 713 912 1222 1405
130 400 647 714 913 1223 1406
131 401 594 715 914 1224 1407
132 402 595 716 915 1225 1408
133 403 596 717 916 1226 1409
134 404 597 718 917 1227 1410
135 405 598 719 864 1228 1411
136 406 599 720 865 1229 1412
137 407 600 721 866 1230 1413
138 408 601 722 867 1231 1414
139 409 602 723 868 1232 1415
140 410 603 724 869 1233 1416
141 411 604 725 870 1234 1417
142 412 605 726 871 1235 1418
143 413 606 727 872 1236 1419
144 414 607 728 873 1237 1420
145 415 608 729 874 1238 1421
146 416 609 730 875 1239 1422
147 417 610 731 876 1240 1423
148 418 611 732 877 1241 1424
149 419 612 733 878 1188 1425
150 420 613 734 879 1189 1426
151 421 614 735 880 1190 1427
152 422 615 736 881 1191 1428
153 423 616 737 882 1192 1429
154 424 617 738 883 1193 1430
155 425 618 739 884 1194 1431
156 426 619 740 885 1195 1432
157 427 620 741 886 1196 1433
158 428 621 742 887 1197 1434
159 429 622 743 888 1198 1435
160 430 623 744 889 1199 1436
161 431 624 745 890 1200 1437
108 378 625 746 891 1201 1438
109 379 626 747 892 1202 1439
110 380 627 748 893 1203 1440
111 381 628 749 894 1204 1441
112 382 629 750 895 1205 1442
113 383 630 751 896 1206 1443
114 384 631 752 897 1207 1444
115 385 632 753 898 1208 1445
116 386 633 754 899 1209 1446
117 387 634 755 900 1210 1447
118 388 635 702 901 1211 1448
119 389 636 703 902 1212 1449
120 390 637 704 903 1213 1450
121 391 638 705 904 1214 1451
122 392 639 706 905 1215 1452
123 393 640 707 906 1216 1453
124 394 641 708 907 1217 1454
125 395 642 709 908 1218 1455
126 396 643 710 909 1219 1456
127 397 644 711 910 1220 1457
78 346 485 787 1044 1181 1458
79 347 432 788 1045 1182 1459
80 348 433 789 1046 1183 1460
81 349 434 790 1047 1184 1461
82 350 435 791 1048 1185 1462
83 351 436 792 1049 1186 1463
84 352 437 793 1050 1187 1464
85 353 438 794 1051 1134 1465
86 354 439 795 1052 1135 1466
87 355 440 796 1053 1136 1467
88 356 441 797 1054 1137 1468
89 357 442 798 1055 1138 1469
90 358 443 799 1056 1139 1470
91 359 444 800 1057 1140 1471
92 360 445 801 1058 1141 1472
93 361 446 802 1059 1142 1473
94 362 447 803 1060 1143 1474
95 363 448 804 1061 1144 1475
96 364 449 805 1062 1145 1476
97 365 450 806 1063 1146 1477
98 366 451 807 1064 1147 1478
99 367 452 808 1065 1148 1479
100 368 453 809 1066 1149 1480
101 369 454 756 1067 1150 1481
102 370 455 757 1068 1151 1482
103 371 456 758 1069 1152 1483
104 372 457 759 1070 1153 1484
105 373 458 760 1071 1154 1485
106 374 459 761 1072 1155 1486
107 375 460 762 1073 1156 1487
54 376 461 763 1074 1157 1488
55 377 462 764 1075 1158 1489
56 324 463 765 1076 1159 1490
57 325 464 766 1077 1160 1491
58 326 465 767 1078 1161 1492
59 327 466 768 1079 1162 1493
60 328 467 769 1026 1163 1494
61 329 468 770 1027 1164 1495
62 330 469 771 1028 1165 1496
63 331 470 772 1029 1166 1497
64 332 471 773 1030 1167 1498
65 333 472 774 1031 1168 1499
66 334 473 775 1032 1169 1500
67 335 474 776 1033 1170 1501
68 336 475 777 1034 1171 1502
69 337 476 778 1035 1172 1503
70 338 477 779 1036 1173 1504
71 339 478 780 1037 1174 1505
72 340 479 781 1038 1175 1506
73 341 480 782 1039 1176 1507
74 342 481 783 1040 1177 1508
75 343 482 784 1041 1178 1509
76 344 483 785 1042 1179 1510
77 345 484 786 1043 1180 1511
10 231 542 860 931 1295 1512
11 232 543 861 932 1242 1513
12 233 544 862 933 1243 1514
13 234 545 863 934 1244 1515
14 235 546 810 935 1245 1516
15 236 547 811 936 1246 1517
16 237 548 812 937 1247 1518
17 238 549 813 938 1248 1519
18 239 550 814 939 1249 1520
19 240 551 815 940 1250 1521
20 241 552 816 941 1251 1522
21 242 553 817 942 1252 1523
22 243 554 818 943 1253 1524
23 244 555 819 944 1254 1525
24 245 556 820 945 1255 1526
25 246 557 821 946 1256 1527
26 247 558 822 947 1257 1528
27 248 559 823 948 1258 1529
28 249 560 824 949 1259 1530
29 250 561 825 950 1260 1531
30 251 562 826 951 1261 1532
31 252 563 827 952 1262 1533
32 253 564 828 953 1263 1534
33 254 565 829 954 1264 1535
34 255 566 830 955 1265 1536
35 256 567 831 956 1266 1537
36 257 568 832 957 1267 1538
37 258 569 833 958 1268 1539
38 259 570 834 959 1269 1540
39 260 571 835 960 1270 1541
40 261 572 836 961 1271 1542
41 262 573 837 962 1272 1543
42 263 574 838 963 1273 1544
43 264 575 839 964 1274 1545
44 265 576 840 965 1275 1546
45 266 577 841 966 1276 1547
46 267 578 842 967 1277 1548
47 268 579 843 968 1278 1549
48 269 580 844 969 1279 1550
49 216 581 845 970 1280 1551
50 217 582 846 971 1281 1552
51 218 583 847 918 1282 1553
52 219 584 848 919 1283 1554
53 220 585 849 920 1284 1555
0 221 586 850 921 1285 1556
1 222 587 851 922 1286 1557
2 223 588 852 923 1287 1558
3 224 589 853 924 1288 1559
4 225 590 854 925 1289 1560
5 226 591 855 926 1290 1561
6 227 592 856 927 1291 1562
7 228 593 857 928 1292 1563
8 229 540 858 929 1293 1564
9 230 541 859 930 1294 1565
152 276 623 742 880 1093 1566
153 277 624 743 881 1094 1567
154 278 625 744 882 1095 1568
155 279 626 745 883 1096 1569
156 280 627 746 884 1097 1570
157 281 628 747 885 1098 1571
158 282 629 748 886 1099 1572
159 283 630 749 887 1100 1573
160 284 631 750 888 1101 1574
161 285 632 751 889 1102 1575
108 286 633 752 890 1103 1576
109 287 634 753 891 1104 1577
110 288 635 754 892 1105 1578
111 289 636 755 893 1106 1579
112 290 637 702 894 1107 1580
113 291 638 703 895 1108 1581
114 292 639 704 896 1109 1582
115 293 640 705 897 1110 1583
116 294 641 706 898 1111 1584
117 295 642 707 899 1112 1585
118 296 643 708 900 1113 1586
119 297 644 709 901 1114 1587
120 298 645 710 902 1115 1588
121 299 646 711 903 1116 1589
122 300 647 712 904 1117 1590
123 301 594 713 905 1118 1591
124 302 595 714 906 1119 1592
125 303 596 715 907 1120 1593
126 304 597 716 908 1121 1594
127 305 598 717 909 1122 1595
128 306 599 718 910 1123 1596
129 307 600 719 911 1124 1597
130 308 601 720 912 1125 1598
131 309 602 721 913 1126 1599
132 310 603 722 914 1127 1600
133 311 604 723 915 1128 1601
134 312 605 724 916 1129 1602
135 313 606 725 917 1130 1603
136 314 607 726 864 1131 1604
137 315 608 727 865 1132 1605
138 316 609 728 866 1133 1606
139 317 610 729 867 1080 1607
140 318 611 730 868 1081 1608
141 319 612 731 869 1082 1609
142 320 613 732 870 1083 1610
143 321 614 733 871 1084 1611
144 322 615 734 872 1085 1612
145 323 616 735 873 1086 1613
146 270 617 736 874 1087 1614
147 271 618 737 875 1088 1615
148 272 619 738 876 1089 1616
149 273 620 739 877 1090 1617
150 274 621 740 878 1091 1618
151 275 622 741 879 1092 1619
56 391 473 798 1074 1183 1620
57 392 474 799 1075 1184 1621
58 393 475 800 1076 1185 1622
59 394 476 801 1077 1186 1623
60 395 477 802 1078 1187 1624
61 396 478 803 1079 1134 1625
62 397 479 804 1026 1135 1626
63 398 480 805 1027 1136 1627
64 399 481 806 1028 1137 1628
65 400 482 807 1029 1138 1629
66 401 483 808 1030 1139 1630
67 402 484 809 1031 1140 1631
68 403 485 756 1032 1141 1632
69 404 432 757 1033 1142 1633
70 405 433 758 1034 1143 1634
71 406 434 759 1035 1144 1635
72 407 435 760 1036 1145 1636
73 408 436 761 1037 1146 1637
74 409 437 762 1038 1147 1638
75 410 438 763 1039 1148 1639
76 411 439 764 1040 1149 1640
77 412 440 765 1041 1150 1641
78 413 441 766 1042 1151 1642
79 414 442 767 1043 1152 1643
80 415 443 768 1044 1153 1644
81 416 444 769 1045 1154 1645
82 417 445 770 1046 1155 1646
83 418 446 771 1047 1156 1647
84 419 447 772 1048 1157 1648
85 420 448 773 1049 1158 1649
86 421 449 774 1050 1159 1650
87 422 450 775 1051 1160 1651
88 423 451 776 1052 1161 1652
89 424 452 777 1053 1162 1653
90 425 453 778 1054 1163 1654
91 426 454 779 1055 1164 1655
92 427 455 780 1056 1165 1656
93 428 456 781 1057 1166 1657
94 429 457 782 1058 1167 1658
95 430 458 783 1059 1168 1659
96 431 459 784 1060 1169 1660
97 378 460 785 1061 1170 1661
98 379 461 786 1062 1171 1662
99 380 462 787 1063 1172 1663
100 381 463 788 1064 1173 1664
101 382 464 789 1065 1174 1665
102 383 465 790 1066 1175 1666
103 384 466 791 1067 1176 1667
104 385 467 792 1068 1177 1668
105 386 468 793 1069 1178 1669
106 387 469 794 1070 1179 1670
107 388 470 795 1071 1180 1671
54 389 471 796 1072 1181 1672
55 390 472 797 1073 1182 1673
198 348 536 660 982 1236 1674
199 349 537 661 983 1237 1675
200 350 538 662 984 1238 1676
201 351 539 663 985 1239 1677
202 352 486 664 986 1240 1678
203 353 487 665 987 1241 1679
204 354 488 666 988 1188 1680
205 355 489 667 989 1189 1681
206 356 490 668 990 1190 1682
207 357 491 669 991 1191 1683
208 358 492 670 992 1192 1684
209 359 493 671 993 1193 1685
210 360 494 672 994 1194 1686
211 361 495 673 995 1195 1687
212 362 496 674 996 1196 1688
213 363 497 675 997 1197 1689
214 364 498 676 998 1198 1690
215 365 499 677 999 1199 1691
162 366 500 678 1000 1200 1692
163 367 501 679 1001 1201 1693
164 368 502 680 1002 1202 1694
165 369 503 681 1003 1203 1695
166 370 504 682 1004 1204 1696
167 371 505 683 1005 1205 1697
168 372 506 684 1006 1206 1698
169 373 507 685 1007 1207 1699
170 374 508 686 1008 1208 1700
171 375 509 687 1009 1209 1701
172 376 510 688 1010 1210 1702
173 377 511 689 1011 1211 1703
174 324 512 690 1012 1212 1704
175 325 513 691 1013 1213 1705
176 326 514 692 1014 1214 1706
177 327 515 693 1015 1215 1707
178 328 516 694 1016 1216 1708
179 329 517 695 1017 1217 1709
180 330 518 696 1018 1218 1710
181 331 519 697 1019 1219 1711
182 332 520 698 1020 1220 1712
183 333 521 699 1021 1221 1713
184 334 522 700 1022 1222 1714
185 335 523 701 1023 1223 1715
186 336 524 648 1024 1224 1716
187 337 525 649 1025 1225 1717
188 338 526 650 972 1226 1718
189 339 527 651 973 1227 1719
190 340 528 652 974 1228 1720
191 341 529 653 975 1229 1721
192 342 530 654 976 1230 1722
193 343 531 655 977 1231 1723
194 344 532 656 978 1232 1724
195 345 533 657 979 1233 1725
196 346 534 658 980 1234 1726
197 347 535 659 981 1235 1727
155 266 540 819 925 1270 1728
156 267 541 820 926 1271 1729
157 268 542 821 927 1272 1730
158 269 543 822 928 1273 1731
159 216 544 823 929 1274 1732
160 217 545 824 930 1275 1733
161 218 546 825 931 1276 1734
108 219 547 826 932 1277 1735
109 220 548 827 933 1278 1736
110 221 549 828 934 1279 1737
111 222 550 829 935 1280 1738
112 223 551 830 936 1281 1739
113 224 552 831 937 1282 1740
114 225 553 832 938 1283 1741
115 226 554 833 939 1284 1742
116 227 555 834 940 1285 1743
117 228 556 835 941 1286 1744
118 229 557 836 942 1287 1745
119 230 558 837 943 1288 1746
120 231 559 838 944 1289 1747
121 232 560 839 945 1290 1748
122 233 561 840 946 1291 1749
123 234 562 841 947 1292 1750
124 235 563 842 948 1293 1751
125 236 564 843 949 1294 1752
126 237 565 844 950 1295 1753
127 238 566 845 951 1242 1754
128 239 567 846 952 1243 1755
129 240 568 847 953 1244 1756
130 241 569 848 954 1245 1757
131 242 570 849 955 1246 1758
132 243 571 850 956 1247 1759
133 244 572 851 957 1248 1760
134 245 573 852 958 1249 1761
135 246 574 853 959 1250 1762
136 247 575 854 960 1251 1763
137 248 576 855 961 1252 1764
138 249 577 856 962 1253 1765
139 250 578 857 963 1254 1766
140 251 579 858 964 1255 1767
141 252 580 859 965 1256 1768
142 253 581 860 966 1257 1769
143 254 582 861 967 1258 1770
144 255 583 862 968 1259 1771
145 256 584 863 969 1260 1772
146 257 585 810 970 1261 1773
147 258 586 811 971 1262 1774
148 259 587 812 918 1263 1775
149 260 588 813 919 1264 1776
150 261 589 814 920 1265 1777
151 262 590 815 921 1266 1778
152 263 591 816 922 1267 1779
153 264 592 817 923 1268 1780
154 265 593 818 924 1269 1781
78 429 524 762 1049 1150 1782
79 430 525 763 1050 1151 1783
80 431 526 764 1051 1152 1784
81 378 527 765 1052 1153 1785
82 379 528 766 1053 1154 1786
83 380 529 767 1054 1155 1787
84 381 530 768 1055 1156 1788
85 382 531 769 1056 1157 1789
86 383 532 770 1057 1158 1790
87 384 533 771 1058 1159 1791
88 385 534 772 1059 1160 1792
89 386 535 773 1060 1161 1793
90 387 536 774 1061 1162 1794
91 388 537 775 1062 1163 1795
92 389 538 776 1063 1164 1796
93 390 539 777 1064 1165 1797
94 391 486 778 1065 1166 1798
95 392 487 779 1066 1167 1799
96 393 488 780 1067 1168 1800
97 394 489 781 1068 1169 1801
98 395 490 782 1069 1170 1802
99 396 491 783 1070 1171 1803
100 397 492 784 1071 1172 1804
101 398 493 785 1072 1173 1805
102 399 494 786 1073 1174 1806
103 400 495 787 1074 1175 1807
104 401 496 788 1075 1176 1808
105 402 497 789 1076 1177 1809
106 403 498 790 1077 1178 1810
107 404 499 791 1078 1179 1811
54 405 500 792 1079 1180 1812
55 406 501 793 1026 1181 1813
56 407 502 794 1027 1182 1814
57 408 503 795 1028 1183 1815
58 409 504 796 1029 1184 1816
59 410 505 797 1030 1185 1817
60 411 506 798 1031 1186 1818
61 412 507 799 1032 1187 1819
62 413 508 800 1033 1134 1820
63 414 509 801 1034 1135 1821
64 415 510 802 1035 1136 1822
65 416 511 803 1036 1137 1823
66 417 512 804 1037 1138 1824
67 418 513 805 1038 1139 1825
68 419 514 806 1039 1140 1826
69 420 515 807 1040 1141 1827
70 421 516 808 1041 1142 1828
71 422 517 809 1042 1143 1829
72 423 518 756 1043 1144 1830
73 424 519 757 1044 1145 1831
74 425 520 758 1045 1146 1832
75 426 521 759 1046 1147 1833
76 427 522 760 1047 1148 1834
77 428 523 761 1048 1149 1835
6 329 607 705 893 1096 1836
7 330 608 706 894 1097 1837
8 331 609 707 895 1098 1838
9 332 610 708 896 1099 1839
10 333 611 709 897 1100 1840
11 334 612 710 898 1101 1841
12 335 613 711 899 1102 1842
13 336 614 712 900 1103 1843
14 337 615 713 901 1104 1844
15 338 616 714 902 1105 1845
16 339 617 715 903 1106 1846
17 340 618 716 904 1107 1847
18 341 619 717 905 1108 1848
19 342 620 718 906 1109 1849
20 343 621 719 907 1110 1850
21 344 622 720 908 1111 1851
22 345 623 721 909 1112 1852
23 346 624 722 910 1113 1853
24 347 625 723 911 1114 1854
25 348 626 724 912 1115 1855
26 349 627 725 913 1116 1856
27 350 628 726 914 1117 1857
28 351 629 727 915 1118 1858
29 352 630 728 916 1119 1859
30 353 631 729 917 1120 1860
31 354 632 730 864 1121 1861
32 355 633 731 865 1122 1862
33 356 634 732 866 1123 1863
34 357 635 733 867 1124 1864
35 358 636 734 868 1125 1865
36 359 637 735 869 1126 1866
37 360 638 736 870 1127 1867
38 361 639 737 871 1128 1868
39 362 640 738 872 1129 1869
40 363 641 739 873 1130 1870
41 364 642 740 874 1131 1871
42 365 643 741 875 1132 1872
43 366 644 742 876 1133 1873
44 367 645 743 877 1080 1874
45 368 646 744 878 1081 1875
46 369 647 745 879 1082 1876
47 370 594 746 880 1083 1877
48 371 595 747 881 1084 1878
49 372 596 748 882 1085 1879
50 373 597 749 883 1086 1880
51 374 598 750 884 1087 1881
52 375 599 751 885 1088 1882
53 376 600 752 886 1089 1883
0 377 601 753 887 1090 1884
1 324 602 754 888 1091 1885
2 325 603 755 889 1092 1886
3 326 604 702 890 1093 1887
4 327 605 703 891 1094 1888
5 328 606 704 892 1095 1889
197 286 469 652 996 1217 1890
198 287 470 653 997 1218 1891
199 288 471 654 998 1219 1892
200 289 472 655 999 1220 1893
201 290 473 656 1000 1221 1894
202 291 474 657 1001 1222 1895
203 292 475 658 1002 1223 1896
204 293 476 659 1003 1224 1897
205 294 477 660 1004 1225 1898
206 295 478 661 1005 1226 1899
207 296 479 662 1006 1227 1900
208 297 480 663 1007 1228 1901
209 298 481 664 1008 1229 1902
210 299 482 665 1009 1230 1903
211 300 483 666 1010 1231 1904
212 301 484 667 1011 1232 1905
213 302 485 668 1012 1233 1906
214 303 432 669 1013 1234 1907
215 304 433 670 1014 1235 1908
162 305 434 671 1015 1236 1909
163 306 435 672 1016 1237 1910
164 307 436 673 1017 1238 1911
165 308 437 674 1018 1239 1912
166 309 438 675 1019 1240 1913
167 310 439 676 1020 1241 1914
168 311 440 677 1021 1188 1915
169 312 441 678 1022 1189 1916
170 313 442 679 1023 1190 1917
171 314 443 680 1024 1191 1918
172 315 444 681 1025 1192 1919
173 316 445 682 972 1193 1920
174 317 446 683 973 1194 1921
175 318 447 684 974 1195 1922
176 319 448 685 975 1196 1923
177 320 449 686 976 1197 1924
178 321 450 687 977 1198 1925
179 322 451 688 978 1199 1926
180 323 452 689 979 1200 1927
181 270 453 690 980 1201 1928
182 271 454 691 981 1202 1929
183 272 455 692 982 1203 1930
184 273 456 693 983 1204 1931
185 274 457 694 984 1205 1932
186 275 458 695 985 1206 1933
187 276 459 696 986 1207 1934
188 277 460 697 987 1208 1935
189 278 461 698 988 1209 1936
190 279 462 699 989 1210 1937
191 280 463 700 990 1211 1938
192 281 464 701 991 1212 1939
193 282 465 648 992 1213 1940
194 283 466 649 993 1214 1941
195 284 467 650 994 1215 1942
196 285 468 651 995 1216 1943
