49 313 590 812 945 1291 
50 314 591 813 946 1292 
51 315 592 814 947 1293 
52 316 593 815 948 1294 
53 317 540 816 949 1295 
0 318 541 817 950 1242 
1 319 542 818 951 1243 
2 320 543 819 952 1244 
3 321 544 820 953 1245 
4 322 545 821 954 1246 
5 323 546 822 955 1247 
6 270 547 823 956 1248 
7 271 548 824 957 1249 
8 272 549 825 958 1250 
9 273 550 826 959 1251 
10 274 551 827 960 1252 
11 275 552 828 961 1253 
12 276 553 829 962 1254 
13 277 554 830 963 1255 
14 278 555 831 964 1256 
15 279 556 832 965 1257 
16 280 557 833 966 1258 
17 281 558 834 967 1259 
18 282 559 835 968 1260 
19 283 560 836 969 1261 
20 284 561 837 970 1262 
21 285 562 838 971 1263 
22 286 563 839 918 1264 
23 287 564 840 919 1265 
24 288 565 841 920 1266 
25 289 566 842 921 1267 
26 290 567 843 922 1268 
27 291 568 844 923 1269 
28 292 569 845 924 1270 
29 293 570 846 925 1271 
30 294 571 847 926 1272 
31 295 572 848 927 1273 
32 296 573 849 928 1274 
33 297 574 850 929 1275 
34 298 575 851 930 1276 
35 299 576 852 931 1277 
36 300 577 853 932 1278 
37 301 578 854 933 1279 
38 302 579 855 934 1280 
39 303 580 856 935 1281 
40 304 581 857 936 1282 
41 305 582 858 937 1283 
42 306 583 859 938 1284 
43 307 584 860 939 1285 
44 308 585 861 940 1286 
45 309 586 862 941 1287 
46 310 587 863 942 1288 
47 311 588 810 943 1289 
48 312 589 811 944 1290 
172 257 538 680 1022 1130 
173 258 539 681 1023 1131 
174 259 486 682 1024 1132 
175 260 487 683 1025 1133 
176 261 488 684 972 1080 
177 262 489 685 973 1081 
178 263 490 686 974 1082 
179 264 491 687 975 1083 
180 265 492 688 976 1084 
181 266 493 689 977 1085 
182 267 494 690 978 1086 
183 268 495 691 979 1087 
184 269 496 692 980 1088 
185 216 497 693 981 1089 
186 217 498 694 982 1090 
187 218 499 695 983 1091 
188 219 500 696 984 1092 
189 220 501 697 985 1093 
190 221 502 698 986 1094 
191 222 503 699 987 1095 
192 223 504 700 988 1096 
193 224 505 701 989 1097 
194 225 506 648 990 1098 
195 226 507 649 991 1099 
196 227 508 650 992 1100 
197 228 509 651 993 1101 
198 229 510 652 994 1102 
199 230 511 653 995 1103 
200 231 512 654 996 1104 
201 232 513 655 997 1105 
202 233 514 656 998 1106 
203 234 515 657 999 1107 
204 235 516 658 1000 1108 
205 236 517 659 1001 1109 
206 237 518 660 1002 1110 
207 238 519 661 1003 1111 
208 239 520 662 1004 1112 
209 240 521 663 1005 1113 
210 241 522 664 1006 1114 
211 242 523 665 1007 1115 
212 243 524 666 1008 1116 
213 244 525 667 1009 1117 
214 245 526 668 1010 1118 
215 246 527 669 1011 1119 
162 247 528 670 1012 1120 
163 248 529 671 1013 1121 
164 249 530 672 1014 1122 
165 250 531 673 1015 1123 
166 251 532 674 1016 1124 
167 252 533 675 1017 1125 
168 253 534 676 1018 1126 
169 254 535 677 1019 1127 
170 255 536 678 1020 1128 
171 256 537 679 1021 1129 
128 398 645 712 911 1221 
129 399 646 713 912 1222 
130 400 647 714 913 1223 
131 401 594 715 914 1224 
132 402 595 716 915 1225 
133 403 596 717 916 1226 
134 404 597 718 917 1227 
135 405 598 719 864 1228 
136 406 599 720 865 1229 
137 407 600 721 866 1230 
138 408 601 722 867 1231 
139 409 602 723 868 1232 
140 410 603 724 869 1233 
141 411 604 725 870 1234 
142 412 605 726 871 1235 
143 413 606 727 872 1236 
144 414 607 728 873 1237 
145 415 608 729 874 1238 
146 416 609 730 875 1239 
147 417 610 731 876 1240 
148 418 611 732 877 1241 
149 419 612 733 878 1188 
150 420 613 734 879 1189 
151 421 614 735 880 1190 
152 422 615 736 881 1191 
153 423 616 737 882 1192 
154 424 617 738 883 1193 
155 425 618 739 884 1194 
156 426 619 740 885 1195 
157 427 620 741 886 1196 
158 428 621 742 887 1197 
159 429 622 743 888 1198 
160 430 623 744 889 1199 
161 431 624 745 890 1200 
108 378 625 746 891 1201 
109 379 626 747 892 1202 
110 380 627 748 893 1203 
111 381 628 749 894 1204 
112 382 629 750 895 1205 
113 383 630 751 896 1206 
114 384 631 752 897 1207 
115 385 632 753 898 1208 
116 386 633 754 899 1209 
117 387 634 755 900 1210 
118 388 635 702 901 1211 
119 389 636 703 902 1212 
120 390 637 704 903 1213 
121 391 638 705 904 1214 
122 392 639 706 905 1215 
123 393 640 707 906 1216 
124 394 641 708 907 1217 
125 395 642 709 908 1218 
126 396 643 710 909 1219 
127 397 644 711 910 1220 
78 346 485 787 1044 1181 
79 347 432 788 1045 1182 
80 348 433 789 1046 1183 
81 349 434 790 1047 1184 
82 350 435 791 1048 1185 
83 351 436 792 1049 1186 
84 352 437 793 1050 1187 
85 353 438 794 1051 1134 
86 354 439 795 1052 1135 
87 355 440 796 1053 1136 
88 356 441 797 1054 1137 
89 357 442 798 1055 1138 
90 358 443 799 1056 1139 
91 359 444 800 1057 1140 
92 360 445 801 1058 1141 
93 361 446 802 1059 1142 
94 362 447 803 1060 1143 
95 363 448 804 1061 1144 
96 364 449 805 1062 1145 
97 365 450 806 1063 1146 
98 366 451 807 1064 1147 
99 367 452 808 1065 1148 
100 368 453 809 1066 1149 
101 369 454 756 1067 1150 
102 370 455 757 1068 1151 
103 371 456 758 1069 1152 
104 372 457 759 1070 1153 
105 373 458 760 1071 1154 
106 374 459 761 1072 1155 
107 375 460 762 1073 1156 
54 376 461 763 1074 1157 
55 377 462 764 1075 1158 
56 324 463 765 1076 1159 
57 325 464 766 1077 1160 
58 326 465 767 1078 1161 
59 327 466 768 1079 1162 
60 328 467 769 1026 1163 
61 329 468 770 1027 1164 
62 330 469 771 1028 1165 
63 331 470 772 1029 1166 
64 332 471 773 1030 1167 
65 333 472 774 1031 1168 
66 334 473 775 1032 1169 
67 335 474 776 1033 1170 
68 336 475 777 1034 1171 
69 337 476 778 1035 1172 
70 338 477 779 1036 1173 
71 339 478 780 1037 1174 
72 340 479 781 1038 1175 
73 341 480 782 1039 1176 
74 342 481 783 1040 1177 
75 343 482 784 1041 1178 
76 344 483 785 1042 1179 
77 345 484 786 1043 1180 
10 231 542 860 931 1295 
11 232 543 861 932 1242 
12 233 544 862 933 1243 
13 234 545 863 934 1244 
14 235 546 810 935 1245 
15 236 547 811 936 1246 
16 237 548 812 937 1247 
17 238 549 813 938 1248 
18 239 550 814 939 1249 
19 240 551 815 940 1250 
20 241 552 816 941 1251 
21 242 553 817 942 1252 
22 243 554 818 943 1253 
23 244 555 819 944 1254 
24 245 556 820 945 1255 
25 246 557 821 946 1256 
26 247 558 822 947 1257 
27 248 559 823 948 1258 
28 249 560 824 949 1259 
29 250 561 825 950 1260 
30 251 562 826 951 1261 
31 252 563 827 952 1262 
32 253 564 828 953 1263 
33 254 565 829 954 1264 
34 255 566 830 955 1265 
35 256 567 831 956 1266 
36 257 568 832 957 1267 
37 258 569 833 958 1268 
38 259 570 834 959 1269 
39 260 571 835 960 1270 
40 261 572 836 961 1271 
41 262 573 837 962 1272 
42 263 574 838 963 1273 
43 264 575 839 964 1274 
44 265 576 840 965 1275 
45 266 577 841 966 1276 
46 267 578 842 967 1277 
47 268 579 843 968 1278 
48 269 580 844 969 1279 
49 216 581 845 970 1280 
50 217 582 846 971 1281 
51 218 583 847 918 1282 
52 219 584 848 919 1283 
53 220 585 849 920 1284 
0 221 586 850 921 1285 
1 222 587 851 922 1286 
2 223 588 852 923 1287 
3 224 589 853 924 1288 
4 225 590 854 925 1289 
5 226 591 855 926 1290 
6 227 592 856 927 1291 
7 228 593 857 928 1292 
8 229 540 858 929 1293 
9 230 541 859 930 1294 
152 276 623 742 880 1093 
153 277 624 743 881 1094 
154 278 625 744 882 1095 
155 279 626 745 883 1096 
156 280 627 746 884 1097 
157 281 628 747 885 1098 
158 282 629 748 886 1099 
159 283 630 749 887 1100 
160 284 631 750 888 1101 
161 285 632 751 889 1102 
108 286 633 752 890 1103 
109 287 634 753 891 1104 
110 288 635 754 892 1105 
111 289 636 755 893 1106 
112 290 637 702 894 1107 
113 291 638 703 895 1108 
114 292 639 704 896 1109 
115 293 640 705 897 1110 
116 294 641 706 898 1111 
117 295 642 707 899 1112 
118 296 643 708 900 1113 
119 297 644 709 901 1114 
120 298 645 710 902 1115 
121 299 646 711 903 1116 
122 300 647 712 904 1117 
123 301 594 713 905 1118 
124 302 595 714 906 1119 
125 303 596 715 907 1120 
126 304 597 716 908 1121 
127 305 598 717 909 1122 
128 306 599 718 910 1123 
129 307 600 719 911 1124 
130 308 601 720 912 1125 
131 309 602 721 913 1126 
132 310 603 722 914 1127 
133 311 604 723 915 1128 
134 312 605 724 916 1129 
135 313 606 725 917 1130 
136 314 607 726 864 1131 
137 315 608 727 865 1132 
138 316 609 728 866 1133 
139 317 610 729 867 1080 
140 318 611 730 868 1081 
141 319 612 731 869 1082 
142 320 613 732 870 1083 
143 321 614 733 871 1084 
144 322 615 734 872 1085 
145 323 616 735 873 1086 
146 270 617 736 874 1087 
147 271 618 737 875 1088 
148 272 619 738 876 1089 
149 273 620 739 877 1090 
150 274 621 740 878 1091 
151 275 622 741 879 1092 
56 391 473 798 1074 1183 
57 392 474 799 1075 1184 
58 393 475 800 1076 1185 
59 394 476 801 1077 1186 
60 395 477 802 1078 1187 
61 396 478 803 1079 1134 
62 397 479 804 1026 1135 
63 398 480 805 1027 1136 
64 399 481 806 1028 1137 
65 400 482 807 1029 1138 
66 401 483 808 1030 1139 
67 402 484 809 1031 1140 
68 403 485 756 1032 1141 
69 404 432 757 1033 1142 
70 405 433 758 1034 1143 
71 406 434 759 1035 1144 
72 407 435 760 1036 1145 
73 408 436 761 1037 1146 
74 409 437 762 1038 1147 
75 410 438 763 1039 1148 
76 411 439 764 1040 1149 
77 412 440 765 1041 1150 
78 413 441 766 1042 1151 
79 414 442 767 1043 1152 
80 415 443 768 1044 1153 
81 416 444 769 1045 1154 
82 417 445 770 1046 1155 
83 418 446 771 1047 1156 
84 419 447 772 1048 1157 
85 420 448 773 1049 1158 
86 421 449 774 1050 1159 
87 422 450 775 1051 1160 
88 423 451 776 1052 1161 
89 424 452 777 1053 1162 
90 425 453 778 1054 1163 
91 426 454 779 1055 1164 
92 427 455 780 1056 1165 
93 428 456 781 1057 1166 
94 429 457 782 1058 1167 
95 430 458 783 1059 1168 
96 431 459 784 1060 1169 
97 378 460 785 1061 1170 
98 379 461 786 1062 1171 
99 380 462 787 1063 1172 
100 381 463 788 1064 1173 
101 382 464 789 1065 1174 
102 383 465 790 1066 1175 
103 384 466 791 1067 1176 
104 385 467 792 1068 1177 
105 386 468 793 1069 1178 
106 387 469 794 1070 1179 
107 388 470 795 1071 1180 
54 389 471 796 1072 1181 
55 390 472 797 1073 1182 
198 348 536 660 982 1236 
199 349 537 661 983 1237 
200 350 538 662 984 1238 
201 351 539 663 985 1239 
202 352 486 664 986 1240 
203 353 487 665 987 1241 
204 354 488 666 988 1188 
205 355 489 667 989 1189 
206 356 490 668 990 1190 
207 357 491 669 991 1191 
208 358 492 670 992 1192 
209 359 493 671 993 1193 
210 360 494 672 994 1194 
211 361 495 673 995 1195 
212 362 496 674 996 1196 
213 363 497 675 997 1197 
214 364 498 676 998 1198 
215 365 499 677 999 1199 
162 366 500 678 1000 1200 
163 367 501 679 1001 1201 
164 368 502 680 1002 1202 
165 369 503 681 1003 1203 
166 370 504 682 1004 1204 
167 371 505 683 1005 1205 
168 372 506 684 1006 1206 
169 373 507 685 1007 1207 
170 374 508 686 1008 1208 
171 375 509 687 1009 1209 
172 376 510 688 1010 1210 
173 377 511 689 1011 1211 
174 324 512 690 1012 1212 
175 325 513 691 1013 1213 
176 326 514 692 1014 1214 
177 327 515 693 1015 1215 
178 328 516 694 1016 1216 
179 329 517 695 1017 1217 
180 330 518 696 1018 1218 
181 331 519 697 1019 1219 
182 332 520 698 1020 1220 
183 333 521 699 1021 1221 
184 334 522 700 1022 1222 
185 335 523 701 1023 1223 
186 336 524 648 1024 1224 
187 337 525 649 1025 1225 
188 338 526 650 972 1226 
189 339 527 651 973 1227 
190 340 528 652 974 1228 
191 341 529 653 975 1229 
192 342 530 654 976 1230 
193 343 531 655 977 1231 
194 344 532 656 978 1232 
195 345 533 657 979 1233 
196 346 534 658 980 1234 
197 347 535 659 981 1235 
155 266 540 819 925 1270 
156 267 541 820 926 1271 
157 268 542 821 927 1272 
158 269 543 822 928 1273 
159 216 544 823 929 1274 
160 217 545 824 930 1275 
161 218 546 825 931 1276 
108 219 547 826 932 1277 
109 220 548 827 933 1278 
110 221 549 828 934 1279 
111 222 550 829 935 1280 
112 223 551 830 936 1281 
113 224 552 831 937 1282 
114 225 553 832 938 1283 
115 226 554 833 939 1284 
116 227 555 834 940 1285 
117 228 556 835 941 1286 
118 229 557 836 942 1287 
119 230 558 837 943 1288 
120 231 559 838 944 1289 
121 232 560 839 945 1290 
122 233 561 840 946 1291 
123 234 562 841 947 1292 
124 235 563 842 948 1293 
125 236 564 843 949 1294 
126 237 565 844 950 1295 
127 238 566 845 951 1242 
128 239 567 846 952 1243 
129 240 568 847 953 1244 
130 241 569 848 954 1245 
131 242 570 849 955 1246 
132 243 571 850 956 1247 
133 244 572 851 957 1248 
134 245 573 852 958 1249 
135 246 574 853 959 1250 
136 247 575 854 960 1251 
137 248 576 855 961 1252 
138 249 577 856 962 1253 
139 250 578 857 963 1254 
140 251 579 858 964 1255 
141 252 580 859 965 1256 
142 253 581 860 966 1257 
143 254 582 861 967 1258 
144 255 583 862 968 1259 
145 256 584 863 969 1260 
146 257 585 810 970 1261 
147 258 586 811 971 1262 
148 259 587 812 918 1263 
149 260 588 813 919 1264 
150 261 589 814 920 1265 
151 262 590 815 921 1266 
152 263 591 816 922 1267 
153 264 592 817 923 1268 
154 265 593 818 924 1269 
78 429 524 762 1049 1150 
79 430 525 763 1050 1151 
80 431 526 764 1051 1152 
81 378 527 765 1052 1153 
82 379 528 766 1053 1154 
83 380 529 767 1054 1155 
84 381 530 768 1055 1156 
85 382 531 769 1056 1157 
86 383 532 770 1057 1158 
87 384 533 771 1058 1159 
88 385 534 772 1059 1160 
89 386 535 773 1060 1161 
90 387 536 774 1061 1162 
91 388 537 775 1062 1163 
92 389 538 776 1063 1164 
93 390 539 777 1064 1165 
94 391 486 778 1065 1166 
95 392 487 779 1066 1167 
96 393 488 780 1067 1168 
97 394 489 781 1068 1169 
98 395 490 782 1069 1170 
99 396 491 783 1070 1171 
100 397 492 784 1071 1172 
101 398 493 785 1072 1173 
102 399 494 786 1073 1174 
103 400 495 787 1074 1175 
104 401 496 788 1075 1176 
105 402 497 789 1076 1177 
106 403 498 790 1077 1178 
107 404 499 791 1078 1179 
54 405 500 792 1079 1180 
55 406 501 793 1026 1181 
56 407 502 794 1027 1182 
57 408 503 795 1028 1183 
58 409 504 796 1029 1184 
59 410 505 797 1030 1185 
60 411 506 798 1031 1186 
61 412 507 799 1032 1187 
62 413 508 800 1033 1134 
63 414 509 801 1034 1135 
64 415 510 802 1035 1136 
65 416 511 803 1036 1137 
66 417 512 804 1037 1138 
67 418 513 805 1038 1139 
68 419 514 806 1039 1140 
69 420 515 807 1040 1141 
70 421 516 808 1041 1142 
71 422 517 809 1042 1143 
72 423 518 756 1043 1144 
73 424 519 757 1044 1145 
74 425 520 758 1045 1146 
75 426 521 759 1046 1147 
76 427 522 760 1047 1148 
77 428 523 761 1048 1149 
6 329 607 705 893 1096 
7 330 608 706 894 1097 
8 331 609 707 895 1098 
9 332 610 708 896 1099 
10 333 611 709 897 1100 
11 334 612 710 898 1101 
12 335 613 711 899 1102 
13 336 614 712 900 1103 
14 337 615 713 901 1104 
15 338 616 714 902 1105 
16 339 617 715 903 1106 
17 340 618 716 904 1107 
18 341 619 717 905 1108 
19 342 620 718 906 1109 
20 343 621 719 907 1110 
21 344 622 720 908 1111 
22 345 623 721 909 1112 
23 346 624 722 910 1113 
24 347 625 723 911 1114 
25 348 626 724 912 1115 
26 349 627 725 913 1116 
27 350 628 726 914 1117 
28 351 629 727 915 1118 
29 352 630 728 916 1119 
30 353 631 729 917 1120 
31 354 632 730 864 1121 
32 355 633 731 865 1122 
33 356 634 732 866 1123 
34 357 635 733 867 1124 
35 358 636 734 868 1125 
36 359 637 735 869 1126 
37 360 638 736 870 1127 
38 361 639 737 871 1128 
39 362 640 738 872 1129 
40 363 641 739 873 1130 
41 364 642 740 874 1131 
42 365 643 741 875 1132 
43 366 644 742 876 1133 
44 367 645 743 877 1080 
45 368 646 744 878 1081 
46 369 647 745 879 1082 
47 370 594 746 880 1083 
48 371 595 747 881 1084 
49 372 596 748 882 1085 
50 373 597 749 883 1086 
51 374 598 750 884 1087 
52 375 599 751 885 1088 
53 376 600 752 886 1089 
0 377 601 753 887 1090 
1 324 602 754 888 1091 
2 325 603 755 889 1092 
3 326 604 702 890 1093 
4 327 605 703 891 1094 
5 328 606 704 892 1095 
197 286 469 652 996 1217 
198 287 470 653 997 1218 
199 288 471 654 998 1219 
200 289 472 655 999 1220 
201 290 473 656 1000 1221 
202 291 474 657 1001 1222 
203 292 475 658 1002 1223 
204 293 476 659 1003 1224 
205 294 477 660 1004 1225 
206 295 478 661 1005 1226 
207 296 479 662 1006 1227 
208 297 480 663 1007 1228 
209 298 481 664 1008 1229 
210 299 482 665 1009 1230 
211 300 483 666 1010 1231 
212 301 484 667 1011 1232 
213 302 485 668 1012 1233 
214 303 432 669 1013 1234 
215 304 433 670 1014 1235 
162 305 434 671 1015 1236 
163 306 435 672 1016 1237 
164 307 436 673 1017 1238 
165 308 437 674 1018 1239 
166 309 438 675 1019 1240 
167 310 439 676 1020 1241 
168 311 440 677 1021 1188 
169 312 441 678 1022 1189 
170 313 442 679 1023 1190 
171 314 443 680 1024 1191 
172 315 444 681 1025 1192 
173 316 445 682 972 1193 
174 317 446 683 973 1194 
175 318 447 684 974 1195 
176 319 448 685 975 1196 
177 320 449 686 976 1197 
178 321 450 687 977 1198 
179 322 451 688 978 1199 
180 323 452 689 979 1200 
181 270 453 690 980 1201 
182 271 454 691 981 1202 
183 272 455 692 982 1203 
184 273 456 693 983 1204 
185 274 457 694 984 1205 
186 275 458 695 985 1206 
187 276 459 696 986 1207 
188 277 460 697 987 1208 
189 278 461 698 988 1209 
190 279 462 699 989 1210 
191 280 463 700 990 1211 
192 281 464 701 991 1212 
193 282 465 648 992 1213 
194 283 466 649 993 1214 
195 284 467 650 994 1215 
196 285 468 651 995 1216 
